ST
[[ 9.56747485e-01,  1.59805431e-01,  1.15455519e-03,  1.12155751e-01,
   0.00000000e+00, 0.00000000e+00,  0.00000000e+00,  0.00000000e+00,
   0.00000000e+00,  2.37220261e-01,  6.21292710e-02,  0.00000000e+00,
   0.00000000e+00,  0.00000000e+00,  0.00000000e+00,  1.48429352e-03,
   0.00000000e+00],
 [-3.08778755e-08,  1.13115268e+00, -9.53479004e-04,  7.95253131e-01,
   0.00000000e+00,  0.00000000e+00,  0.00000000e+00,  0.00000000e+00,
   0.00000000e+00, -3.80320853e-03, -1.46430838e-12,  0.00000000e+00,
   0.00000000e+00,  0.00000000e+00,  0.00000000e+00,  6.53332601e-04,
   0.00000000e+00],
 [ 1.80095230e-01,  2.56635185e-01,  1.57263821e-01,  3.80872014e-01,
   0.00000000e+00,  0.00000000e+00,  0.00000000e+00,  0.00000000e+00,
   0.00000000e+00,  3.71553068e-03,  9.47713720e-01,  0.00000000e+00,
   0.00000000e+00,  0.00000000e+00,  0.00000000e+00,  1.40658360e-02,
   0.00000000e+00],
 [ 2.34568344e-01,  5.56940644e-03,  1.97434829e-01,  3.84059029e-01,
   0.00000000e+00,  0.00000000e+00,  0.00000000e+00,  0.00000000e+00,
   0.00000000e+00,  1.07523710e-03,  9.85790701e-01,  0.00000000e+00,
   0.00000000e+00,  0.00000000e+00,  0.00000000e+00,  4.52050496e-03,
   0.00000000e+00]]
S1
[[ 6.55145193e-01,  6.88037316e-04,  5.88800317e-07,  3.69586495e-03,
   0.00000000e+00,  0.00000000e+00,  0.00000000e+00,  0.00000000e+00,
   0.00000000e+00,  1.16538163e-02,  5.93392401e-04,  0.00000000e+00,
   0.00000000e+00,  0.00000000e+00,  0.00000000e+00,  8.81047137e-05,
   0.00000000e+00],
 [-6.84274992e-20,  3.79773978e-01,  3.59595179e-21,  1.71266774e-09,
   0.00000000e+00,  0.00000000e+00,  0.00000000e+00,  0.00000000e+00,
   0.00000000e+00, -8.51017704e-24  1.24032496e-17  0.00000000e+00,
   0.00000000e+00,  0.00000000e+00,  0.00000000e+00, -4.87309558e-24,
   0.00000000e+00],
 [ 5.37009868e-03,  6.52701320e-03,  4.05428355e-03,  1.50083874e-02,
   0.00000000e+00,  0.00000000e+00,  0.00000000e+00,  0.00000000e+00,
   0.00000000e+00,  1.80446631e-03,  3.14711173e-01,  0.00000000e+00,
   0.00000000e+00,  0.00000000e+00,  0.00000000e+00, -1.43238615e-05,
   0.00000000e+00],
 [ 1.86118183e-04,  4.71697043e-03,  4.23811678e-05,  1.43697969e-03,
   0.00000000e+00,  0.00000000e+00,  0.00000000e+00,  0.00000000e+00,
   0.00000000e+00, -1.18912210e-07,  3.93636611e-01,  0.00000000e+00,
   0.00000000e+00,  0.00000000e+00,  0.00000000e+00, -2.44111256e-11,
   0.00000000e+00]]
STerr
[[5.32374344e-03, 4.37596890e-04, 5.05454900e-04, 2.78612157e-03,
  0.00000000e+00, 0.00000000e+00, 0.00000000e+00, 0.00000000e+00,
  0.00000000e+00, 1.83489881e-03, 1.98581744e-03, 0.00000000e+00,
  0.00000000e+00, 0.00000000e+00, 0.00000000e+00, 4.42512431e-04,
  0.00000000e+00],
 [3.27057237e-08, 2.04941680e-01, 1.03547316e-03, 2.28255264e-01,
  0.00000000e+00, 0.00000000e+00, 0.00000000e+00, 0.00000000e+00,
  0.00000000e+00, 3.80320865e-03, 4.60436562e-12, 0.00000000e+00,
  0.00000000e+00, 0.00000000e+00, 0.00000000e+00, 1.01237960e-03,
  0.00000000e+00],
 [5.89710262e-03, 5.62181392e-03, 4.61107762e-03, 1.22461237e-02,
  0.00000000e+00, 0.00000000e+00, 0.00000000e+00, 0.00000000e+00,
  0.00000000e+00, 2.57448243e-04, 6.14953730e-03, 0.00000000e+00,
  0.00000000e+00, 0.00000000e+00, 0.00000000e+00, 5.10099831e-03,
  0.00000000e+00],
 [1.14684117e-02, 2.80516814e-03, 4.88785860e-03, 9.75799636e-03,
  0.00000000e+00, 0.00000000e+00, 0.00000000e+00, 0.00000000e+00,
  0.00000000e+00, 1.48606450e-03, 1.04738223e-02, 0.00000000e+00,
  0.00000000e+00, 0.00000000e+00, 0.00000000e+00, 2.03704858e-03,
  0.00000000e+00]]
S1err
[[2.51411484e-03, 1.02871751e-04, 2.85055333e-06 3.59843541e-04,
  0.00000000e+00, 0.00000000e+00, 0.00000000e+00, 0.00000000e+00,
  0.00000000e+00, 2.45701873e-04, 2.84942556e-04, 0.00000000e+00,
  0.00000000e+00, 0.00000000e+00, 0.00000000e+00, 7.94242971e-05,
  0.00000000e+00],
 [5.81033819e-20, 1.14462613e-01, 2.97531464e-21, 1.71266774e-09,
  0.00000000e+00, 0.00000000e+00, 0.00000000e+00, 0.00000000e+00,
  0.00000000e+00, 9.57051247e-24, 2.38206040e-18, 0.00000000e+00,
  0.00000000e+00, 0.00000000e+00, 0.00000000e+00, 4.81542655e-24
  0.00000000e+00],
 [1.57513959e-04, 5.44114122e-04, 3.82494131e-04, 1.47221438e-03,
  0.00000000e+00, 0.00000000e+00, 0.00000000e+00, 0.00000000e+00,
  0.00000000e+00, 3.18847918e-04, 3.20241658e-03, 0.00000000e+00,
  0.00000000e+00, 0.00000000e+00, 0.00000000e+00, 4.68438621e-05,
  0.00000000e+00],
 [2.42607282e-04, 2.08775169e-03, 6.18549533e-05, 9.31579111e-04,
  0.00000000e+00, 0.00000000e+00, 0.00000000e+00, 0.00000000e+00,
  0.00000000e+00, 1.17183850e-07, 8.80561072e-03, 0.00000000e+00,
  0.00000000e+00, 0.00000000e+00, 0.00000000e+00, 1.00069277e-10,
  0.00000000e+00]]

